45.400002
400.399994
400.399994
250.000000
250.000000
250.000000
250.000000
250.000000
250.000000
250.000000
250.000000
250.000000
250.000000
250.000000
250.000000
250.000000
250.000000
250.000000
250.000000
250.000000
250.000000
250.000000
250.000000
250.000000
250.000000
250.000000
250.000000
250.000000
250.000000
250.000000
250.000000
250.000000
250.000000
250.000000
250.000000
250.000000
250.000000
250.000000
250.000000
250.000000
250.000000
250.000000
250.000000
250.000000
250.000000
250.000000
250.000000
250.000000
250.000000
250.000000
250.000000
250.000000
250.000000
250.000000
250.000000
250.000000
250.000000
250.000000
250.000000
250.000000
250.000000
250.000000
250.000000
250.000000
250.000000
250.000000
250.000000
250.000000
250.000000
250.000000
250.000000
250.000000
250.000000
250.000000
250.000000
250.000000
250.000000
250.000000
250.000000
250.000000
250.000000
250.000000
250.000000
250.000000
250.000000
250.000000
250.000000
250.000000
250.000000
250.000000
250.000000
250.000000
250.000000
250.000000
250.000000
250.000000
250.000000
250.000000
250.000000
250.000000
250.000000
250.000000
250.000000
250.000000
250.000000
250.000000
250.000000
250.000000
250.000000
